sin(1) = 0.850398400801054
cos(1) = 0.52641763835717
