acc=0.001 eps=0.001
bad step: x=0
y0    =0.706903660582474    y1	=0.706865454018857
sin(b)=0.707106781186547 cos(b)	=0.707106781186548
test passed
npoints=73
