n=7
Eigenvalue Decomposition A=V*D*V^T
Random matrix A:
     0.249      0.111      0.467      0.772      0.658      0.433      0.354 
     0.111      0.944      0.101      0.642     0.0286      0.248       0.32 
     0.467      0.101       0.99      0.682      0.655      0.283      0.615 
     0.772      0.642      0.682      0.704      0.702       0.95     0.0934 
     0.658     0.0286      0.655      0.702      0.161      0.382      0.798 
     0.433      0.248      0.283       0.95      0.382      0.169      0.794 
     0.354       0.32      0.615     0.0934      0.798      0.794      0.307 
Number of sweeps=6
V^T*A*V (should be diagonal):
     -1.14  -1.67e-16  -7.49e-15  -3.33e-14   1.53e-11   1.11e-16  -4.54e-09 
 -1.08e-16     -0.509   7.62e-17  -1.39e-16   9.73e-13   5.08e-09   3.79e-10 
 -7.41e-15   1.42e-17     -0.149   7.39e-17  -8.64e-14   2.28e-09   1.73e-10 
 -3.31e-14  -7.29e-17   5.08e-17      0.353   1.25e-16   1.13e-10   9.57e-12 
  1.53e-11   9.73e-13  -8.63e-14   1.94e-16       0.43  -1.86e-11  -2.52e-12 
  2.08e-16   5.08e-09   2.28e-09   1.13e-10  -1.86e-11       1.04  -1.63e-12 
 -4.54e-09   3.79e-10   1.73e-10   9.57e-12  -2.52e-12  -1.63e-12        3.5 
Eigenvalues (should equal the diagonal elements above):
     -1.14     -0.509     -0.149      0.353       0.43       1.04        3.5 
