----------(A.1)-----------
A =
      3.19       3.86       3.73 
      6.79        1.6      0.192 
      6.81        2.1        6.1 
      4.88       2.35       5.19 
      5.33       9.19       6.04 
Q = 
     0.256      0.261      0.114 
     0.546     -0.381     -0.739 
     0.547     -0.312      0.483 
     0.392     -0.104      0.434 
     0.428      0.824      -0.14 
R = 
      12.4       7.87       9.02 
         0       7.06       3.43 
         0          0       4.63 
Q^T*Q = 
         1  -1.11e-16   1.67e-16 
 -1.11e-16          1   5.55e-17 
  1.67e-16   5.55e-17          1 
A-QR = 
         0          0          0 
         0   2.22e-16   -2.5e-16 
         0          0          0 
         0          0          0 
         0          0          0 
----------(A.2)-----------
A = 
      1.77       9.53      0.383       5.28 
     0.331       3.64       3.86       3.84 
      8.56       2.15       3.18       1.78 
      8.27       0.36       7.36      0.351 
b =      0.292       3.17       4.54      0.586 
x =      0.561      -1.73      -0.61       3.02 
A*x-b =          0   5.33e-15   4.44e-15          0 
----------(B)-----------
A = 
      1.77       9.53      0.383       5.28 
     0.331       3.64       3.86       3.84 
      8.56       2.15       3.18       1.78 
      8.27       0.36       7.36      0.351 
A^(-1) = 
   -0.0166    -0.0497      0.165    -0.0445 
     0.246     -0.239     -0.258      0.224 
    0.0185     0.0464     -0.193      0.194 
     -0.25      0.444      0.425     -0.404 
A^(-1)*A = 
         1   7.98e-16   3.33e-16   5.19e-16 
    -2e-15          1  -1.33e-15  -2.78e-15 
 -6.66e-16  -1.47e-15          1   -9.3e-16 
  3.55e-15   6.49e-15   2.22e-15          1 
----------(C)-----------
A = 
      1.77       9.53      0.383       5.28 
     0.331       3.64       3.86       3.84 
      8.56       2.15       3.18       1.78 
      8.27       0.36       7.36      0.351 
b =      0.292       3.17       4.54      0.586 
R = 
        12       3.28       7.48       2.39 
     0.185        9.9      0.272       6.11 
      1.36      -1.38       4.83       1.15 
     0.757     -0.266      0.736      -1.29 
b =      0.292       3.17       4.54      0.586 
x =      0.124     -0.463     0.0301       1.49 
A*x-b =       3.39       1.02      -1.72       1.02 
