A = 
      4.71       8.26       8.59      0.528       4.15 
      8.26       4.75       2.16       5.45       8.69 
      8.59       2.16       4.11       7.41        2.6 
     0.528       5.45       7.41       5.67       5.46 
      4.15       8.69        2.6       5.46       6.46 
Number of sweeps: 5
V^T*A*V = 
     -9.03    7.7e-11   8.53e-16   1.78e-15   5.63e-15 
   7.7e-11      -2.83   1.11e-15   1.11e-15  -8.07e-10 
  8.14e-16   8.33e-16       5.15   2.48e-09  -1.34e-13 
  1.14e-15          0   2.48e-09       5.83   9.15e-14 
  2.11e-15  -8.07e-10  -1.31e-13   9.06e-14       26.6 
eigenvalues =      -9.03      -2.83       5.15       5.83       26.6 

 
__________________B(test)_________________
 
eigenvalues (only first 2):      -6.96     -0.502       18.7       12.9       6.49 
eigenvectors (only first 2): 
     0.527      0.597      0.528    -0.0456      0.292 
    -0.522      0.454      0.163      0.681     -0.176 
    -0.315     -0.398      0.824     -0.209     -0.141 
     0.473     -0.515      0.124      0.699     0.0862 
    -0.357     -0.115    -0.0213     0.0467      0.926 
eigenvectors correct: 
     0.527      0.597     0.0358      -0.32      0.512 
    -0.522      0.454      0.131      0.603      0.374 
    -0.315     -0.398      0.578     -0.405      0.494 
     0.473     -0.515     -0.112      0.537      0.458 
    -0.357     -0.115     -0.797     -0.285      0.379 
eigenvalues correct:      -6.96     -0.502       1.06       8.93       28.1 
