A = 
      5.41       2.55       6.72       5.04       2.25 
      2.55       1.56       3.14       8.19       3.97 
      6.72       3.14      0.505    0.00088       4.59 
      5.04       8.19    0.00088       4.55       7.67 
      2.25       3.97       4.59       7.67       9.64 
Number of sweeps: 5
V^T*A*V = 
     -8.38   1.94e-11  -7.44e-14  -9.99e-16          0 
  1.94e-11      -2.32  -1.11e-12   3.33e-16  -1.67e-16 
 -7.54e-14  -1.11e-12       3.07   1.11e-16  -1.63e-10 
 -9.99e-16   4.44e-16   6.66e-16       6.25   3.23e-12 
  1.33e-15  -4.44e-16  -1.63e-10   3.23e-12         23 
eigenvalues =      -8.38      -2.32       3.07       6.25         23 

 
__________________B(test)_________________
 
eigenvalues (only first 2):      -7.93      -3.67       15.9       7.64       12.9 
eigenvectors (only first 2): 
     0.553     -0.369      0.413      0.508     -0.359 
    -0.142      0.519      0.827      -0.16     -0.027 
    -0.379     -0.745      0.377     -0.187      0.353 
    -0.527      0.142    -0.0153      0.818      0.183 
     0.503       0.14     0.0477      0.112      0.844 
eigenvectors correct: 
     0.553     -0.369     -0.686      0.147      0.255 
    -0.142      0.519    -0.0658      0.683      0.489 
    -0.379     -0.745      0.295      0.224      0.406 
    -0.527      0.142     -0.466     -0.559      0.415 
     0.503       0.14       0.47     -0.385      0.598 
eigenvalues correct:      -7.93      -3.67       3.15       6.12       27.1 
